Ambessa: [1, 2, 3, 1, 1, 4, 1, 3, 1, 3, 4, 3, 3, 2, 2]
Rengar: [1, 2, 3, 1, 1, 4, 1, 3, 1, 3, 4, 3, 3, 2, 2]
Kassadin: [1, 2, 3, 3, 3, 4, 3, 2, 3, 2, 4, 2, 2, 1, 1, 4, 1]
Jhin: [1, 2, 1, 3, 1, 4, 1, 2, 1, 2, 4, 2, 2]
Neeko: [1, 3, 2, 1, 1, 4, 1, 3, 1, 3, 4, 3, 3]
Jax: [3, 1, 2, 2, 2, 4, 2, 3, 2, 3, 4, 3, 3, 1, 1, 4, 1]
Jarvan_IV: [3, 1, 2, 1, 1, 4, 1, 3, 1, 3, 4, 3, 3, 2, 2, 4]
Mel: [1, 3, 2, 1, 1, 4, 1, 3, 1, 3, 4, 3, 3, 2, 2, 4]
Aphelios: [1, 1, 1, 3, 1, 3, 1, 3, 1, 3, 3, 3, 2, 2, 2, 2]
Zilean: [1, 3, 2, 3, 3, 4, 3, 1, 3, 2, 4, 2, 2, 2, 1]
